382.0 0.2482394414265612 8.864860222555435E-5 
33.0 0.2592504472713743 3.3306318230168033E-6 
393.0 0.3275743020843896 7.717929700013347E-5 
66.0 1.0483291640033139 3.3430108963303256E-7 
391.0 0.38811900052570564 9.68630614225711E-5 
361.0 0.8740060806473503 9.310359976554001E-7 
391.0 0.3455315101913973 0.0018532337510858963 
335.0 0.147512269517714 0.0016087814858236876 
380.0 0.6088870614735223 0.0013156960953637862 
348.0 0.35112190444419555 0.06441058154820016 
381.0 0.3963291854597702 9.834708479634895E-4 
298.0 0.4117198380129905 0.03614746775571097 
394.0 0.2769355041017761 0.009507694579508548 
48.0 0.2124391408748818 0.006754487742141375 
390.0 0.42101790673986744 0.003381854794165701 
136.0 0.4149858411315888 0.2635237646493474 
389.0 0.40309469106440843 0.004021606824412712 
290.0 0.36535610735888385 0.11497622975748802 
