395.0 0.39218573645477217 2.6400330994034033E-4 
96.0 0.35312533658918394 1.4214164048298088E-5 
386.0 0.504896851470515 5.216803304397681E-5 
43.0 0.5655353335196568 1.675638458186356E-7 
357.0 0.2985918210414804 8.148371411697112E-5 
291.0 1.2603271415209258 2.2380693435445925E-5 
383.0 0.1908159522856618 9.37208403357289E-4 
32.0 0.19203521683545494 0.001681426028016892 
386.0 0.4996425169393046 0.0015480951639541137 
221.0 0.35810682301917157 0.004363767497637341 
385.0 0.7313961112612146 0.0024230641211823558 
365.0 0.4626108063595683 0.06952218933105185 
369.0 0.5024025886748701 0.016024729056732114 
180.0 0.33542097047154384 0.029141142058684365 
389.0 0.371125330353379 0.018386997231642027 
334.0 0.38874752413164015 0.06862779088900116 
388.0 0.4598595139550132 0.006267898977792094 
332.0 0.37495890072981797 0.07302717704667958 
